3000 | 07 F9 01 54 4F 44 4F 2E | ...TODO.
3008 | 54 58 54 00 00 00 00 00 | TXT     
3010 | 08 60 05 52 45 50 4F 52 | .`.REPOR
3018 | 54 30 33 2E 50 52 47 00 | T03.PRG 
3020 | 00 4B 00 41 53 44 46 2E |  K ASDF.
3028 | 54 58 54 00 00 00 00 00 | TXT     
3030 | 0A B1 02 4D 41 54 48 54 | ...MATHT
3038 | 45 53 54 2E 50 52 47 00 | EST.PRG 
3040 | 00 00 00 00 00 00 00 00 |         
3048 | 00 00 00 00 00 00 00 00 |         
3050 | 00 00 00 00 00 00 00 00 |         
3058 | 00 00 00 00 00 00 00 00 |         
3060 | 00 00 00 00 00 00 00 00 |         
3068 | 00 00 00 00 00 00 00 00 |         
3070 | 00 00 00 00 00 00 00 00 |         
3078 | 00 00 00 00 00 00 00 00 |         
3080 | 00 00 00 00 00 00 00 00 |         
3088 | 00 00 00 00 00 00 00 00 |         
3090 | 00 00 00 00 00 00 00 00 |         
3098 | 00 00 00 00 00 00 00 00 |         
30A0 | 00 00 00 00 00 00 00 00 |         
30A8 | 00 00 00 00 00 00 00 00 |         
30B0 | 00 00 00 00 00 00 00 00 |         
30B8 | 00 00 00 00 00 00 00 00 |         
30C0 | 00 00 00 00 00 00 00 00 |         
30C8 | 00 00 00 00 00 00 00 00 |         
30D0 | 00 00 00 00 00 00 00 00 |         
30D8 | 00 00 00 00 00 00 00 00 |         
30E0 | 00 00 00 00 00 00 00 00 |         
30E8 | 00 00 00 00 00 00 00 00 |         
30F0 | 00 00 00 00 00 00 00 00 |         
30F8 | 00 00 00 00 00 00 00 00 |         
3100 | 00 00 00 00 00 00 00 00 |         
3108 | 00 00 00 00 00 00 00 00 |         
3110 | 00 00 00 00 00 00 00 00 |         
3118 | 00 00 00 00 00 00 00 00 |         
3120 | 00 00 00 00 00 00 00 00 |         
3128 | 00 00 00 00 00 00 00 00 |         
3130 | 00 00 00 00 00 00 00 00 |         
3138 | 00 00 00 00 00 00 00 00 |         
3140 | 00 00 00 00 00 00 00 00 |         
3148 | 00 00 00 00 00 00 00 00 |         
3150 | 00 00 00 00 00 00 00 00 |         
3158 | 00 00 00 00 00 00 00 00 |         
3160 | 00 00 00 00 00 00 00 00 |         
3168 | 00 00 00 00 00 00 00 00 |         
3170 | 00 00 00 00 00 00 00 00 |         
3178 | 00 00 00 00 00 00 00 00 |         
3180 | 00 00 00 00 00 00 00 00 |         
3188 | 00 00 00 00 00 00 00 00 |         
3190 | 00 00 00 00 00 00 00 00 |         
3198 | 00 00 00 00 00 00 00 00 |         
31A0 | 00 00 00 00 00 00 00 00 |         
31A8 | 00 00 00 00 00 00 00 00 |         
31B0 | 00 00 00 00 00 00 00 00 |         
31B8 | 00 00 00 00 00 00 00 00 |         
31C0 | 00 00 00 00 00 00 00 00 |         
31C8 | 00 00 00 00 00 00 00 00 |         
31D0 | 00 00 00 00 00 00 00 00 |         
31D8 | 00 00 00 00 00 00 00 00 |         
31E0 | 00 00 00 00 00 00 00 00 |         
31E8 | 00 00 00 00 00 00 00 00 |         
31F0 | 00 00 00 00 00 00 00 00 |         
31F8 | 00 00 00 00 00 00 00 00 |         
3200 | 00 00 00 00 00 00 00 00 |         
3208 | 00 00 00 00 00 00 00 00 |         
3210 | 00 00 00 00 00 00 00 00 |         
3218 | 00 00 00 00 00 00 00 00 |         
3220 | 00 00 00 00 00 00 00 00 |         
3228 | 00 00 00 00 00 00 00 00 |         
3230 | 00 00 00 00 00 00 00 00 |         
3238 | 00 00 00 00 00 00 00 00 |         
3240 | 00 00 00 00 00 00 00 00 |         
3248 | 00 00 00 00 00 00 00 00 |         
3250 | 00 00 00 00 00 00 00 00 |         
3258 | 00 00 00 00 00 00 00 00 |         
3260 | 00 00 00 00 00 00 00 00 |         
3268 | 00 00 00 00 00 00 00 00 |         
3270 | 00 00 00 00 00 00 00 00 |         
3278 | 00 00 00 00 00 00 00 00 |         
3280 | 00 00 00 00 00 00 00 00 |         
3288 | 00 00 00 00 00 00 00 00 |         
3290 | 00 00 00 00 00 00 00 00 |         
3298 | 00 00 00 00 00 00 00 00 |         
32A0 | 00 00 00 00 00 00 00 00 |         
32A8 | 00 00 00 00 00 00 00 00 |         
32B0 | 00 00 00 00 00 00 00 00 |         
32B8 | 00 00 00 00 00 00 00 00 |         
32C0 | 00 00 00 00 00 00 00 00 |         
32C8 | 00 00 00 00 00 00 00 00 |         
32D0 | 00 00 00 00 00 00 00 00 |         
32D8 | 00 00 00 00 00 00 00 00 |         
32E0 | 00 00 00 00 00 00 00 00 |         
32E8 | 00 00 00 00 00 00 00 00 |         
32F0 | 00 00 00 00 00 00 00 00 |         
32F8 | 00 00 00 00 00 00 00 00 |         
3300 | 00 00 00 00 00 00 00 00 |         
3308 | 00 00 00 00 00 00 00 00 |         
3310 | 00 00 00 00 00 00 00 00 |         
3318 | 00 00 00 00 00 00 00 00 |         
3320 | 00 00 00 00 00 00 00 00 |         
3328 | 00 00 00 00 00 00 00 00 |         
3330 | 00 00 00 00 00 00 00 00 |         
3338 | 00 00 00 00 00 00 00 00 |         
3340 | 00 00 00 00 00 00 00 00 |         
3348 | 00 00 00 00 00 00 00 00 |         
3350 | 00 00 00 00 00 00 00 00 |         
3358 | 00 00 00 00 00 00 00 00 |         
3360 | 00 00 00 00 00 00 00 00 |         
3368 | 00 00 00 00 00 00 00 00 |         
3370 | 00 00 00 00 00 00 00 00 |         
3378 | 00 00 00 00 00 00 00 00 |         
3380 | 00 00 00 00 00 00 00 00 |         
3388 | 00 00 00 00 00 00 00 00 |         
3390 | 00 00 00 00 00 00 00 00 |         
3398 | 00 00 00 00 00 00 00 00 |         
33A0 | 00 00 00 00 00 00 00 00 |         
33A8 | 00 00 00 00 00 00 00 00 |         
33B0 | 00 00 00 00 00 00 00 00 |         
33B8 | 00 00 00 00 00 00 00 00 |         
33C0 | 00 00 00 00 00 00 00 00 |         
33C8 | 00 00 00 00 00 00 00 00 |         
33D0 | 00 00 00 00 00 00 00 00 |         
33D8 | 00 00 00 00 00 00 00 00 |         
33E0 | 00 00 00 00 00 00 00 00 |         
33E8 | 00 00 00 00 00 00 00 00 |         
33F0 | 00 00 00 00 00 00 00 00 |         
33F8 | 00 00 00 00 00 00 00 00 |         
